ncsu0,5,3,8,7,2,4,6,1
ncsu1,7,3,5,6,4,1,8,2
ncsu2,7,1,5,8,2,3,4,6
ncsu3,6,4,5,1,2,7,8,3
ncsu4,7,6,1,5,4,8,3,2
ncsu5,6,2,7,8,4,1,3,5
ncsu6,8,3,7,2,6,4,5,1
ncsu7,8,1,7,5,2,6,4,3
ncsu8,1,4,3,2,8,5,6,7
ncsu9,8,2,4,6,1,7,5,3
ncsu10,8,6,7,4,2,5,1,3
ncsu11,4,5,6,7,2,8,3,1
ncsu12,3,6,7,5,1,2,8,4
ncsu13,4,1,3,5,7,6,2,8
ncsu14,1,7,5,4,8,3,6,2
ncsu15,3,7,6,4,1,8,5,2
ncsu16,1,7,3,2,4,6,5,8
ncsu17,8,6,7,4,1,5,3,2
ncsu18,2,4,8,6,5,1,3,7
ncsu19,1,6,2,5,3,8,4,7
ncsu20,5,3,8,1,2,4,7,6
ncsu21,6,5,8,1,2,4,7,3
ncsu22,5,4,7,3,2,1,8,6
ncsu23,7,6,5,1,2,4,3,8
ncsu24,6,2,1,7,3,5,4,8
ncsu25,4,6,7,1,2,3,8,5
ncsu26,3,2,5,1,4,7,8,6
ncsu27,4,8,3,2,7,5,1,6
ncsu28,1,2,5,4,8,6,3,7
ncsu29,6,4,3,7,8,1,2,5
ncsu30,1,7,8,5,3,6,4,2
ncsu31,6,2,4,8,1,3,5,7
ncsu32,3,5,7,1,6,8,2,4
ncsu33,3,2,6,5,1,8,7,4
ncsu34,5,7,4,6,3,2,8,1
ncsu35,7,6,8,3,4,2,1,5
ncsu36,7,1,2,4,8,5,3,6
ncsu37,2,3,6,4,1,8,5,7
ncsu38,1,8,4,7,3,2,6,5
ncsu39,2,1,8,5,7,6,4,3
ncsu40,2,1,6,4,7,5,3,8
ncsu41,1,4,7,8,2,5,6,3
ncsu42,7,4,1,8,2,5,3,6
ncsu43,3,4,2,6,1,7,8,5
ncsu44,5,8,6,4,3,7,1,2
ncsu45,1,6,5,3,7,2,4,8
ncsu46,1,5,7,2,6,3,8,4
ncsu47,1,8,6,5,4,2,7,3
ncsu48,3,7,1,5,2,6,8,4
ncsu49,8,4,1,7,3,6,2,5
ncsu50,8,6,3,4,2,7,5,1
ncsu51,5,2,3,1,6,8,7,4
ncsu52,1,2,6,7,3,4,5,8
ncsu53,1,2,3,5,8,7,4,6
ncsu54,1,3,6,2,8,4,7,5
ncsu55,8,7,4,6,3,2,1,5
ncsu56,5,3,8,4,2,7,6,1
ncsu57,5,8,1,4,7,2,3,6
ncsu58,5,2,6,8,1,7,3,4
ncsu59,5,2,4,8,1,6,3,7
ncsu60,8,4,2,1,3,5,7,6
ncsu61,8,4,5,1,2,6,3,7
ncsu62,1,2,7,4,8,3,5,6
ncsu63,2,3,1,5,6,8,4,7
ncsu64,2,5,3,7,6,4,8,1
ncsu65,8,6,7,1,2,5,4,3
ncsu66,5,8,7,2,6,1,4,3
ncsu67,7,1,5,8,6,3,2,4
ncsu68,4,1,3,6,7,8,2,5
ncsu69,5,6,2,4,7,3,8,1
ncsu70,3,5,7,1,4,6,2,8
ncsu71,4,1,3,7,5,6,2,8
ncsu72,8,4,7,3,2,5,6,1
ncsu73,5,3,2,1,8,7,4,6
ncsu74,7,6,3,1,5,4,2,8
ncsu75,5,2,6,3,8,7,4,1
ncsu76,7,4,6,1,5,3,8,2
ncsu77,8,3,7,2,5,4,6,1
ncsu78,3,7,2,4,1,6,8,5
ncsu79,4,8,2,6,5,3,1,7
ncsu80,7,1,4,5,8,3,6,2
ncsu81,6,4,3,7,8,5,2,1
ncsu82,6,1,2,4,3,8,5,7
ncsu83,4,7,6,8,5,1,3,2
ncsu84,7,3,2,4,6,8,1,5
ncsu85,7,2,1,5,6,8,4,3
ncsu86,6,4,7,1,5,8,2,3
ncsu87,2,3,4,7,8,1,6,5
ncsu88,4,3,2,7,8,5,6,1
ncsu89,3,1,6,2,7,4,8,5
ncsu90,4,6,5,1,3,2,8,7
ncsu91,1,2,7,3,6,4,5,8
ncsu92,7,5,8,1,4,2,6,3
ncsu93,3,1,8,7,6,4,2,5
ncsu94,5,7,3,4,1,2,6,8
ncsu95,6,1,2,4,3,8,7,5
ncsu96,2,5,3,8,7,6,1,4
ncsu97,8,3,6,4,7,5,2,1
ncsu98,4,3,8,1,6,5,7,2
ncsu99,4,1,7,2,8,6,5,3
ncsu100,7,2,1,3,4,5,6,8
ncsu101,1,2,5,6,7,8,3,4
ncsu102,4,8,7,6,2,5,3,1
ncsu103,8,2,6,7,1,4,3,5
ncsu104,6,4,7,1,3,2,5,8
ncsu105,2,1,4,8,5,6,3,7
ncsu106,1,5,8,7,3,2,6,4
ncsu107,1,3,5,7,2,8,6,4
ncsu108,4,5,8,3,6,2,7,1
ncsu109,5,4,8,2,7,3,6,1
ncsu110,6,5,7,4,3,8,2,1
ncsu111,4,3,7,5,6,8,1,2
ncsu112,2,3,5,7,8,1,6,4
ncsu113,8,5,2,7,1,4,6,3
ncsu114,6,8,5,7,4,1,3,2
ncsu115,4,8,6,1,2,3,5,7
ncsu116,4,2,6,5,8,7,1,3
ncsu117,8,7,5,1,4,2,3,6
ncsu118,7,3,2,8,6,4,5,1
ncsu119,5,3,8,1,2,7,4,6
ncsu120,7,5,1,8,3,4,2,6
ncsu121,4,7,2,3,8,5,6,1
ncsu122,4,2,7,3,8,6,1,5
ncsu123,5,3,7,2,8,1,4,6
ncsu124,5,3,7,1,6,8,2,4
